  2.124600000000000E-006
  1.318900000000000E-005
  7.084400000000000E-006
  3.879200000000000E-005
  5.593600000000000E-006
  1.704200000000000E-004
  3.241600000000000E-005
  4.808300000000000E-004
  4.359300000000000E-005
  1.126100000000000E-004
  1.318000000000000E-005
  5.075600000000001E-005
  1.942500000000000E-005
  2.900100000000000E-006
  3.479500000000000E-006
  4.250300000000000E-006
  2.527600000000000E-006
  5.635599999999999E-006
  1.601100000000000E-005
  1.628800000000000E-005
  1.195600000000000E-005
  2.181300000000000E-006
  7.426499999999999E-005
  9.596600000000001E-005
  9.535899999999999E-005
  1.034000000000000E-005
  2.481800000000000E-004
  2.620800000000000E-004
  1.429300000000000E-005
  1.545400000000000E-004
  1.127500000000000E-004
  7.765499999999999E-006
  6.189300000000000E-005
  2.573600000000000E-005
  6.240800000000000E-006
  1.722700000000000E-005
  7.671200000000000E-006
  2.405600000000000E-006
  2.342300000000000E-006
  2.778600000000000E-006
  4.390000000000000E-006
  6.143100000000000E-006
  3.690700000000000E-006
  7.369900000000000E-006
  1.947100000000000E-005
  3.922000000000000E-005
  4.454900000000000E-005
  2.943800000000000E-005
  1.181400000000000E-005
  4.142200000000000E-005
  1.166600000000000E-004
  1.730100000000000E-004
  1.057200000000000E-004
  3.289500000000000E-006
  6.887200000000000E-005
  1.317200000000000E-004
  1.498500000000000E-004
  7.033000000000000E-005
  2.965400000000000E-006
  7.486500000000000E-005
  9.328000000000000E-005
  7.862300000000000E-005
  2.320700000000000E-005
  3.248000000000000E-005
  3.673900000000000E-005
  2.849900000000000E-005
  4.332600000000000E-006
  4.996900000000000E-006
  2.164000000000000E-006
  2.369800000000000E-006
  5.369600000000000E-006
  9.048800000000001E-006
  1.064900000000000E-005
  6.680000000000000E-006
  3.186500000000000E-006
  1.147800000000000E-005
  3.482200000000000E-005
  6.535900000000000E-005
  7.465700000000000E-005
  1.166200000000000E-005
  7.796000000000000E-006
  2.481300000000000E-005
  7.232500000000000E-005
  1.242400000000000E-004
  9.895200000000001E-005
  1.558600000000000E-005
  1.609500000000000E-005
  6.298900000000000E-005
  9.599500000000001E-005
  9.967899999999999E-005
  6.257000000000001E-005
  9.089500000000000E-006
  5.445700000000000E-005
  6.693800000000000E-005
  4.640300000000000E-005
  2.709500000000000E-005
  3.380700000000000E-006
  1.605600000000000E-005
  1.990700000000000E-005
  7.314900000000000E-006
  4.266100000000001E-006
  1.962700000000000E-006
  2.780900000000000E-006
  8.018500000000000E-006
  1.577900000000000E-005
  2.060200000000000E-005
  8.433900000000001E-006
  5.327800000000000E-006
  2.384400000000000E-005
  6.341100000000001E-005
  8.750700000000000E-005
  3.516500000000000E-005
  4.857700000000000E-006
  3.178500000000000E-005
  7.592400000000000E-005
  9.479100000000001E-005
  7.742199999999999E-005
  2.268300000000000E-005
  1.203100000000000E-005
  4.791500000000000E-005
  7.170300000000000E-005
  7.606500000000000E-005
  4.056600000000000E-005
  1.146600000000000E-005
  2.459600000000000E-006
  6.016200000000000E-006
  2.869900000000000E-005
  3.524500000000000E-005
  2.840500000000000E-005
  1.079800000000000E-005
  3.239600000000000E-006
  2.146200000000000E-006
  3.530500000000000E-006
  3.840600000000000E-006
  6.590500000000000E-006
  1.915500000000000E-005
  3.794300000000000E-005
  3.847800000000000E-005
  2.123100000000000E-006
  8.808500000000000E-006
  3.822200000000000E-005
  6.850899999999999E-005
  7.414800000000000E-005
  3.331900000000000E-005
  4.104700000000000E-006
  2.999200000000000E-005
  6.046800000000000E-005
  7.012899999999999E-005
  6.245800000000000E-005
  1.719700000000000E-005
  1.035000000000000E-005
  2.815400000000000E-005
  4.592600000000000E-005
  4.968700000000000E-005
  2.747300000000000E-005
  6.199600000000001E-006
  5.428000000000000E-006
  1.120700000000000E-005
  1.829400000000000E-005
  1.221600000000000E-005
  1.198100000000000E-005
  3.257200000000000E-005
  4.869800000000000E-005
  4.886900000000000E-005
  1.016600000000000E-005
  7.520700000000001E-006
  3.447300000000000E-005
  5.838700000000000E-005
  6.384999999999999E-005
  3.776300000000000E-005
  5.099500000000000E-006
  3.787000000000000E-006
  2.187300000000000E-005
  4.309800000000000E-005
  5.014600000000000E-005
  4.515900000000000E-005
  1.456700000000000E-005
  2.771700000000000E-006
  4.861200000000000E-006
  6.341100000000000E-006
  3.419800000000000E-006
  2.035300000000000E-006
  8.452900000000000E-006
  1.907100000000000E-005
  3.002100000000000E-005
  3.026300000000000E-005
  5.038100000000000E-006
  7.480299999999999E-006
  3.000200000000000E-005
  5.047900000000000E-005
  5.265700000000000E-005
  2.431500000000000E-005
  3.429400000000000E-006
  3.143500000000000E-006
  2.047500000000000E-005
  4.197100000000000E-005
  4.831000000000000E-005
  3.733700000000000E-005
  9.835000000000000E-006
  3.218200000000000E-006
  8.120399999999999E-006
  1.415600000000000E-005
  1.667700000000000E-005
  2.283200000000000E-006
  2.552100000000000E-006
  1.470600000000000E-005
  3.333200000000000E-005
  4.198100000000000E-005
  1.598900000000000E-005
  2.089800000000000E-006
  2.097500000000000E-006
  1.437900000000000E-005
  3.627600000000000E-005
  4.394200000000000E-005
  3.458500000000000E-005
  9.260599999999999E-006
  3.922100000000000E-006
  6.187000000000000E-006
  3.824600000000000E-006
  1.435000000000000E-005
  2.242700000000000E-005
  1.074100000000000E-005
  6.773500000000000E-006
  2.051100000000000E-005
  3.315100000000000E-005
  3.057500000000000E-005
  8.722400000000000E-006
  2.775000000000000E-006
  1.205800000000000E-005
  9.190000000000000E-006
  2.724500000000000E-006
  1.966200000000000E-006
  7.346800000000000E-006
  1.539800000000000E-005
  1.750300000000000E-005
  1.278100000000000E-005
  4.189600000000000E-006
  2.455200000000000E-006
  3.041800000000000E-006
  2.325600000000000E-006
  6.934400000000001E-006
  1.668300000000000E-005
  2.257800000000000E-005
  2.352300000000000E-005
  1.215100000000000E-005
  2.705600000000000E-006
  5.237899999999999E-006
  7.277300000000000E-006
  5.220200000000000E-006
  3.278900000000000E-006
  2.377600000000000E-006
  2.072400000000000E-006
  2.389300000000000E-006
  1.078700000000000E-005
  2.335200000000000E-005
  2.909800000000000E-005
  2.565400000000000E-005
  1.047900000000000E-005
  4.822200000000000E-006
  1.006900000000000E-005
  1.339800000000000E-005
  7.226600000000000E-006
  4.350900000000000E-006
  2.656100000000000E-006
  4.514600000000000E-006
  5.763600000000000E-006
  3.516400000000000E-006
  2.058300000000000E-006
  1.889300000000000E-006
  2.207400000000000E-006
  1.012100000000000E-005
  2.519000000000000E-005
  3.210400000000000E-005
  3.269200000000000E-005
  1.468700000000000E-005
  3.289600000000000E-006
  3.287400000000000E-006
  7.430000000000000E-006
  1.426900000000000E-005
  1.801600000000000E-005
  1.279500000000000E-005
  7.377400000000000E-006
  2.547900000000000E-006
  3.949100000000000E-006
  5.601799999999999E-006
  7.268700000000000E-006
  8.644000000000001E-006
  4.533500000000000E-006
  2.427800000000000E-006
  3.733900000000000E-006
  4.021700000000000E-006
  2.909600000000000E-006
  2.252000000000000E-006
  2.096500000000000E-006
  2.538100000000000E-006
  1.888600000000000E-006
  2.677100000000000E-006
  9.020200000000000E-006
  2.186200000000000E-005
  2.983700000000000E-005
  3.132000000000000E-005
  2.032300000000000E-005
  4.506300000000000E-006
  2.571200000000000E-006
  5.437200000000000E-006
  9.666900000000001E-006
  1.576200000000000E-005
  2.030600000000000E-005
  2.174000000000000E-005
  1.463600000000000E-005
  5.550600000000000E-006
  3.665700000000000E-006
  7.814299999999999E-006
  9.125599999999999E-006
  9.996000000000001E-006
  1.194700000000000E-005
  9.111400000000001E-006
  4.658500000000000E-006
  2.642800000000000E-006
  5.690000000000000E-006
  7.777200000000001E-006
  7.484100000000000E-006
  4.889000000000000E-006
  3.746100000000000E-006
  2.228000000000000E-006
  2.503400000000000E-006
  5.058100000000000E-006
  5.729800000000001E-006
  2.847300000000000E-006
  2.169800000000000E-006
  3.272500000000000E-006
  2.763800000000000E-006
  3.356000000000000E-006
  7.194400000000001E-006
  6.404800000000000E-006
  2.553000000000000E-006
  8.266600000000000E-006
  1.811800000000000E-005
  2.114600000000000E-005
  6.379700000000000E-006
  1.925400000000000E-006
  2.794900000000000E-006
  3.519000000000000E-006
  8.101400000000000E-006
  1.246000000000000E-005
  4.060500000000000E-006
  3.070200000000000E-006
  5.435900000000000E-006
  1.969200000000000E-006
  3.375000000000000E-006
  7.101699999999999E-006
  1.454500000000000E-005
  2.425000000000000E-005
  2.762400000000000E-005
  1.803200000000000E-005
  3.985200000000000E-006
  3.329600000000000E-006
  7.078300000000000E-006
  1.168000000000000E-005
  1.606400000000000E-005
  2.099400000000000E-005
  2.281000000000000E-005
  2.067200000000000E-005
  8.378000000000000E-006
  4.712800000000000E-006
  1.009900000000000E-005
  1.209900000000000E-005
  1.233700000000000E-005
  1.454000000000000E-005
  1.511700000000000E-005
  1.134600000000000E-005
  6.513700000000000E-006
  2.276700000000000E-006
  8.109000000000000E-006
  1.166000000000000E-005
  1.113500000000000E-005
  8.318800000000001E-006
  7.875200000000000E-006
  6.174700000000000E-006
  2.775400000000000E-006
  2.855100000000000E-006
  7.942000000000001E-006
  9.899100000000000E-006
  5.974700000000001E-006
  2.940700000000000E-006
  2.594000000000000E-006
  2.089200000000000E-006
  2.828400000000000E-006
  5.841300000000000E-006
  5.140600000000000E-006
  2.031100000000000E-006
  1.945300000000000E-006
  2.457200000000000E-006
  1.922800000000000E-006
  2.892100000000000E-006
  5.332300000000001E-006
  9.332200000000000E-006
  1.545700000000000E-005
  2.109000000000000E-005
  1.276200000000000E-005
  3.394600000000000E-006
  2.671900000000000E-006
  5.785500000000000E-006
  1.084900000000000E-005
  1.643300000000000E-005
  2.055700000000000E-005
  2.240900000000000E-005
  1.895500000000000E-005
  8.456600000000000E-006
  3.689900000000000E-006
  8.973000000000000E-006
  1.429700000000000E-005
  1.578200000000000E-005
  1.654300000000000E-005
  1.873900000000000E-005
  1.731200000000000E-005
  9.775500000000000E-006
  3.597200000000000E-006
  6.653500000000000E-006
  1.355900000000000E-005
  1.507400000000000E-005
  1.337100000000000E-005
  1.261400000000000E-005
  1.241000000000000E-005
  6.875900000000001E-006
  2.575100000000000E-006
  7.709100000000000E-006
  1.275700000000000E-005
  1.208500000000000E-005
  7.012899999999999E-006
  6.190200000000000E-006
  5.417100000000000E-006
  2.137800000000000E-006
  2.113700000000000E-006
  6.813099999999999E-006
  8.784600000000001E-006
  5.223200000000000E-006
  2.848800000000000E-006
  2.423200000000000E-006
  2.057900000000000E-006
  3.553900000000000E-006
  3.197100000000000E-006
  1.878100000000000E-006
  1.969500000000000E-006
  2.947900000000000E-006
  4.654300000000000E-006
  8.065900000000000E-006
  1.362500000000000E-005
  8.580300000000000E-006
  1.950200000000000E-006
  2.135000000000000E-006
  4.837300000000000E-006
  8.891600000000000E-006
  1.344800000000000E-005
  1.681900000000000E-005
  2.046100000000000E-005
  1.552700000000000E-005
  7.105100000000000E-006
  2.690300000000000E-006
  7.084700000000000E-006
  1.272900000000000E-005
  1.770700000000000E-005
  2.079100000000000E-005
  2.223600000000000E-005
  1.884900000000000E-005
  1.180800000000000E-005
  4.025500000000000E-006
  3.608900000000000E-006
  1.234900000000000E-005
  1.851400000000000E-005
  1.868500000000000E-005
  1.836500000000000E-005
  1.851100000000000E-005
  1.203400000000000E-005
  4.927200000000000E-006
  4.667100000000000E-006
  1.466400000000000E-005
  1.764200000000000E-005
  1.513100000000000E-005
  1.275000000000000E-005
  1.187600000000000E-005
  5.185900000000001E-006
  7.029900000000000E-006
  1.230700000000000E-005
  1.230600000000000E-005
  8.269800000000000E-006
  7.184500000000000E-006
  5.257899999999999E-006
  1.926300000000000E-006
  2.691800000000000E-006
  5.400200000000000E-006
  6.411300000000000E-006
  5.556599999999999E-006
  4.413500000000000E-006
  3.580200000000000E-006
  2.142400000000000E-006
  2.752900000000000E-006
  2.679000000000000E-006
  2.776000000000000E-006
  2.784300000000000E-006
  1.914400000000000E-006
  3.774500000000000E-006
  6.957400000000001E-006
  5.042900000000000E-006
  3.173400000000000E-006
  4.920900000000000E-006
  6.566200000000000E-006
  9.571700000000000E-006
  1.362100000000000E-005
  1.298000000000000E-005
  4.992700000000000E-006
  4.405300000000000E-006
  9.526499999999999E-006
  1.517500000000000E-005
  1.839900000000000E-005
  2.063400000000000E-005
  1.864200000000000E-005
  1.141000000000000E-005
  3.330600000000000E-006
  7.442700000000000E-006
  1.665300000000000E-005
  2.276100000000000E-005
  2.444800000000000E-005
  2.123000000000000E-005
  1.556900000000000E-005
  6.386000000000000E-006
  2.044400000000000E-006
  2.160200000000000E-006
  1.244000000000000E-005
  2.182200000000000E-005
  2.339300000000000E-005
  2.125000000000000E-005
  1.756000000000000E-005
  8.323400000000001E-006
  2.884900000000000E-006
  8.466000000000000E-006
  1.793800000000000E-005
  2.095200000000000E-005
  2.021300000000000E-005
  1.631600000000000E-005
  1.012200000000000E-005
  3.440700000000000E-006
  5.320199999999999E-006
  1.045600000000000E-005
  1.535500000000000E-005
  1.655800000000000E-005
  1.523900000000000E-005
  1.075800000000000E-005
  4.183000000000000E-006
  2.377600000000000E-006
  5.061300000000000E-006
  7.938899999999999E-006
  8.842000000000001E-006
  9.580200000000000E-006
  9.958200000000001E-006
  5.785100000000000E-006
  2.241200000000000E-006
  3.366900000000000E-006
  3.949500000000000E-006
  4.233900000000000E-006
  4.519900000000000E-006
  4.457200000000000E-006
  2.033800000000000E-006
  2.722500000000000E-006
  2.656200000000000E-006
  1.954700000000000E-006
  2.897900000000000E-006
  4.545500000000000E-006
  7.635099999999999E-006
  9.785700000000000E-006
  3.026700000000000E-006
  4.047400000000000E-006
  8.314199999999999E-006
  1.321800000000000E-005
  1.576800000000000E-005
  1.706600000000000E-005
  9.500700000000000E-006
  2.644100000000000E-006
  9.052100000000001E-006
  1.927700000000000E-005
  2.320400000000000E-005
  2.388000000000000E-005
  1.581300000000000E-005
  6.613500000000000E-006
  5.264600000000000E-006
  1.717100000000000E-005
  2.692000000000000E-005
  2.925400000000000E-005
  2.150900000000000E-005
  1.065700000000000E-005
  3.752800000000000E-006
  6.124800000000000E-006
  1.562200000000000E-005
  2.650400000000000E-005
  3.111200000000000E-005
  2.563600000000000E-005
  1.438400000000000E-005
  5.261000000000000E-006
  2.827600000000000E-006
  7.562100000000000E-006
  1.535200000000000E-005
  2.406700000000000E-005
  2.868600000000000E-005
  2.884200000000000E-005
  1.851100000000000E-005
  7.382899999999999E-006
  2.549500000000000E-006
  4.041200000000000E-006
  9.566300000000000E-006
  1.587100000000000E-005
  2.198400000000000E-005
  2.446300000000000E-005
  2.105800000000000E-005
  1.058900000000000E-005
  3.261000000000000E-006
  3.065000000000000E-006
  6.841400000000000E-006
  1.135200000000000E-005
  1.442800000000000E-005
  1.510200000000000E-005
  1.086900000000000E-005
  3.917200000000000E-006
  2.602500000000000E-006
  4.512600000000000E-006
  6.354199999999999E-006
  6.538800000000000E-006
  2.068400000000000E-006
  2.533500000000000E-006
  4.093700000000000E-006
  6.004199999999999E-006
  2.754000000000000E-006
  7.242500000000000E-006
  1.200900000000000E-005
  1.385900000000000E-005
  8.114900000000001E-006
  2.007500000000000E-006
  2.361700000000000E-006
  1.004900000000000E-005
  1.990900000000000E-005
  2.327200000000000E-005
  1.583000000000000E-005
  6.304099999999999E-006
  8.153000000000000E-006
  2.302400000000000E-005
  2.980100000000000E-005
  2.514600000000000E-005
  1.211000000000000E-005
  3.667300000000000E-006
  2.805100000000000E-006
  8.071699999999999E-006
  2.179500000000000E-005
  3.196200000000000E-005
  3.114200000000000E-005
  1.858100000000000E-005
  6.286400000000000E-006
  2.031400000000000E-006
  2.424100000000000E-006
  6.560700000000001E-006
  1.313200000000000E-005
  2.209000000000000E-005
  3.066200000000000E-005
  3.269900000000000E-005
  2.520900000000000E-005
  9.895200000000000E-006
  3.012200000000000E-006
  4.044700000000000E-006
  9.875100000000000E-006
  1.726800000000000E-005
  2.555200000000000E-005
  2.953200000000000E-005
  2.867500000000000E-005
  1.547900000000000E-005
  4.591600000000000E-006
  3.057600000000000E-006
  8.910400000000000E-006
  1.628000000000000E-005
  2.250400000000000E-005
  2.393100000000000E-005
  1.751100000000000E-005
  7.275199999999999E-006
  4.292100000000000E-006
  9.761200000000001E-006
  1.252900000000000E-005
  1.079900000000000E-005
  5.242800000000000E-006
  2.124900000000000E-006
  2.008600000000000E-006
  3.376200000000000E-006
  3.918200000000000E-006
  3.535400000000000E-006
  9.078700000000000E-006
  1.166000000000000E-005
  6.945200000000000E-006
  2.863400000000000E-006
  1.224900000000000E-005
  2.121700000000000E-005
  1.631500000000000E-005
  5.382700000000000E-006
  2.559800000000000E-006
  1.310600000000000E-005
  2.586000000000000E-005
  2.798700000000000E-005
  1.343900000000000E-005
  3.563600000000000E-006
  4.011100000000000E-006
  1.418200000000000E-005
  2.961100000000000E-005
  3.327700000000000E-005
  2.153800000000000E-005
  7.527799999999999E-006
  2.097800000000000E-006
  4.048200000000000E-006
  9.244000000000000E-006
  1.739800000000000E-005
  2.870400000000000E-005
  3.247800000000000E-005
  3.062800000000000E-005
  1.313900000000000E-005
  3.604100000000000E-006
  3.327200000000000E-006
  8.755499999999999E-006
  1.586800000000000E-005
  2.424600000000000E-005
  2.862900000000000E-005
  3.016500000000000E-005
  2.168400000000000E-005
  6.733999999999999E-006
  1.988700000000000E-006
  2.785900000000000E-006
  8.549500000000000E-006
  1.589600000000000E-005
  2.137800000000000E-005
  2.276700000000000E-005
  1.843800000000000E-005
  1.168200000000000E-005
  3.090900000000000E-006
  2.025600000000000E-006
  6.259700000000000E-006
  1.066500000000000E-005
  1.172300000000000E-005
  7.777100000000000E-006
  4.875600000000000E-006
  3.110700000000000E-006
  2.089200000000000E-006
  2.810500000000000E-006
  2.483900000000000E-006
  2.115200000000000E-006
  3.199100000000000E-006
  3.626600000000000E-006
  3.151700000000000E-006
  7.775800000000001E-006
  1.031800000000000E-005
  5.312300000000000E-006
  7.787500000000000E-006
  1.757600000000000E-005
  1.501800000000000E-005
  4.193400000000000E-006
  5.867000000000001E-006
  2.064900000000000E-005
  2.650300000000000E-005
  1.310200000000000E-005
  2.859600000000000E-006
  7.830599999999999E-006
  2.343900000000000E-005
  3.225500000000000E-005
  2.277000000000000E-005
  7.256900000000001E-006
  2.035400000000000E-006
  3.971500000000000E-006
  1.106500000000000E-005
  2.358500000000000E-005
  3.209500000000000E-005
  3.199300000000000E-005
  1.606800000000000E-005
  4.047800000000000E-006
  4.298800000000000E-006
  1.059300000000000E-005
  1.991500000000000E-005
  2.707600000000000E-005
  2.994600000000000E-005
  2.690000000000000E-005
  9.762500000000000E-006
  2.458900000000000E-006
  2.216500000000000E-006
  7.038800000000000E-006
  1.374600000000000E-005
  1.809200000000000E-005
  1.976900000000000E-005
  1.958200000000000E-005
  1.719300000000000E-005
  5.624000000000000E-006
  2.184400000000000E-006
  6.124600000000001E-006
  9.809900000000001E-006
  9.686200000000001E-006
  5.929400000000000E-006
  6.480100000000000E-006
  7.000400000000000E-006
  2.173800000000000E-006
  3.085000000000000E-006
  3.487800000000000E-006
  2.250300000000000E-006
  2.893700000000000E-006
  2.989300000000000E-006
  3.180100000000000E-006
  7.133100000000000E-006
  8.193200000000000E-006
  3.276700000000000E-006
  2.214900000000000E-006
  9.097599999999999E-006
  1.441300000000000E-005
  1.329000000000000E-005
  2.700500000000000E-006
  7.546900000000001E-006
  1.963300000000000E-005
  2.492000000000000E-005
  1.134300000000000E-005
  2.390500000000000E-006
  3.924000000000000E-006
  1.874400000000000E-005
  3.157100000000000E-005
  2.206100000000000E-005
  7.324199999999999E-006
  2.011300000000000E-006
  4.225200000000000E-006
  1.574800000000000E-005
  3.030700000000000E-005
  3.172400000000000E-005
  1.806400000000000E-005
  4.038500000000000E-006
  5.246400000000000E-006
  1.337000000000000E-005
  2.406300000000000E-005
  2.881800000000000E-005
  2.793100000000000E-005
  1.172100000000000E-005
  2.943600000000000E-006
  3.764500000000000E-006
  8.860000000000000E-006
  1.372700000000000E-005
  1.917700000000000E-005
  2.113500000000000E-005
  1.840800000000000E-005
  6.557600000000000E-006
  1.903000000000000E-006
  4.686400000000000E-006
  7.232500000000000E-006
  7.648700000000000E-006
  7.665399999999999E-006
  9.436799999999999E-006
  7.163700000000000E-006
  1.951600000000000E-006
  2.665200000000000E-006
  2.990800000000000E-006
  1.972800000000000E-006
  2.058100000000000E-006
  1.967500000000000E-006
  4.282700000000000E-006
  5.335000000000000E-006
  5.786400000000000E-006
  3.060900000000000E-006
  3.109300000000000E-006
  2.359000000000000E-006
  2.154700000000000E-006
  2.268200000000000E-006
  6.372400000000000E-006
  1.026600000000000E-005
  1.465000000000000E-005
  1.013800000000000E-005
  2.081100000000000E-006
  3.281500000000000E-006
  3.555600000000000E-006
  2.619700000000000E-006
  1.952400000000000E-006
  3.268300000000000E-006
  9.532800000000000E-006
  2.220900000000000E-005
  2.332200000000000E-005
  9.399900000000000E-006
  3.056000000000000E-006
  3.851100000000000E-006
  2.897300000000000E-006
  2.158500000000000E-006
  4.061700000000000E-006
  1.908900000000000E-005
  3.003900000000000E-005
  2.135900000000000E-005
  5.562300000000000E-006
  2.335400000000000E-006
  3.317600000000000E-006
  3.225900000000000E-006
  3.242300000000000E-006
  1.337600000000000E-005
  2.758800000000000E-005
  3.085500000000000E-005
  1.619900000000000E-005
  3.995400000000000E-006
  1.999000000000000E-006
  2.461400000000000E-006
  9.189500000000001E-006
  2.097200000000000E-005
  2.737200000000000E-005
  2.647900000000000E-005
  1.073400000000000E-005
  2.513100000000000E-006
  3.939400000000000E-006
  1.016200000000000E-005
  1.902300000000000E-005
  2.208700000000000E-005
  1.588700000000000E-005
  4.630100000000000E-006
  2.194500000000000E-006
  3.947000000000000E-006
  7.709500000000000E-006
  1.068800000000000E-005
  1.123400000000000E-005
  4.123700000000000E-006
  1.970800000000000E-006
  2.434800000000000E-006
  3.202500000000000E-006
  2.868500000000000E-006
  2.624500000000000E-006
  2.930400000000000E-006
  2.747300000000000E-006
  2.719600000000000E-006
  2.127200000000000E-006
  3.893200000000000E-006
  3.596500000000000E-006
  4.514500000000000E-006
  3.085200000000000E-006
  2.571000000000000E-006
  4.980200000000000E-006
  5.654500000000001E-006
  4.455700000000000E-006
  3.311700000000000E-006
  5.953900000000000E-006
  8.372700000000000E-006
  1.363500000000000E-005
  1.352200000000000E-005
  6.896400000000000E-006
  2.495400000000000E-006
  6.210800000000001E-006
  7.571300000000000E-006
  4.824700000000001E-006
  3.473800000000000E-006
  4.589900000000000E-006
  1.573700000000000E-005
  2.221600000000000E-005
  2.164600000000000E-005
  5.553700000000000E-006
  2.229300000000000E-006
  5.899800000000000E-006
  7.415200000000000E-006
  5.781400000000000E-006
  3.660100000000000E-006
  6.611300000000000E-006
  1.992200000000000E-005
  2.974900000000000E-005
  1.744000000000000E-005
  4.586100000000000E-006
  3.567000000000000E-006
  4.593100000000000E-006
  4.486500000000000E-006
  4.749800000000000E-006
  1.359900000000000E-005
  2.725500000000000E-005
  2.764300000000000E-005
  1.473600000000000E-005
  2.833600000000000E-006
  2.329000000000000E-006
  9.239500000000000E-006
  2.098500000000000E-005
  2.575700000000000E-005
  2.117600000000000E-005
  6.539700000000000E-006
  3.708600000000000E-006
  1.126200000000000E-005
  1.887300000000000E-005
  2.135100000000000E-005
  1.062900000000000E-005
  2.329000000000000E-006
  4.657500000000000E-006
  9.803099999999999E-006
  1.305900000000000E-005
  9.611800000000000E-006
  2.658400000000000E-006
  1.923500000000000E-006
  3.393400000000000E-006
  5.039100000000001E-006
  3.001300000000000E-006
  2.560200000000000E-006
  2.351500000000000E-006
  2.112300000000000E-006
  2.782100000000000E-006
  5.091800000000000E-006
  5.723300000000001E-006
  4.806700000000000E-006
  3.474800000000000E-006
  4.265800000000000E-006
  4.020800000000000E-006
  4.508100000000000E-006
  3.317300000000000E-006
  4.426900000000000E-006
  9.566499999999999E-006
  9.594100000000000E-006
  6.425599999999999E-006
  5.651100000000000E-006
  7.555200000000000E-006
  1.306600000000000E-005
  1.336700000000000E-005
  1.208200000000000E-005
  3.824700000000000E-006
  3.907200000000000E-006
  1.055100000000000E-005
  1.216800000000000E-005
  7.814400000000001E-006
  5.202500000000000E-006
  7.295200000000000E-006
  1.734600000000000E-005
  2.385500000000000E-005
  1.668000000000000E-005
  3.846600000000001E-006
  3.621600000000000E-006
  9.689800000000000E-006
  1.155100000000000E-005
  8.034699999999999E-006
  5.089800000000000E-006
  9.160700000000000E-006
  2.478800000000000E-005
  2.736300000000000E-005
  1.564900000000000E-005
  2.903400000000000E-006
  2.101500000000000E-006
  2.461200000000000E-006
  3.603500000000000E-006
  5.961900000000000E-006
  5.814000000000000E-006
  4.122400000000000E-006
  6.772200000000000E-006
  1.832300000000000E-005
  2.585100000000000E-005
  2.466500000000000E-005
  8.550300000000000E-006
  2.471100000000000E-006
  2.144200000000000E-006
  2.583500000000000E-006
  2.393900000000000E-006
  1.926100000000000E-006
  1.906500000000000E-006
  4.050500000000000E-006
  1.270500000000000E-005
  2.156300000000000E-005
  2.406400000000000E-005
  1.395500000000000E-005
  3.830600000000000E-006
  1.991800000000000E-006
  1.920600000000000E-006
  7.225000000000000E-006
  1.593200000000000E-005
  1.954500000000000E-005
  1.801500000000000E-005
  5.633900000000000E-006
  2.462700000000000E-006
  7.802100000000001E-006
  1.235000000000000E-005
  1.272700000000000E-005
  7.325900000000000E-006
  2.123600000000000E-006
  3.897500000000000E-006
  4.538600000000000E-006
  2.502000000000000E-006
  3.023300000000000E-006
  4.998200000000000E-006
  4.515899999999999E-006
  3.016400000000000E-006
  2.434100000000000E-006
  2.353800000000000E-006
  7.681200000000000E-006
  9.898500000000000E-006
  7.684600000000001E-006
  6.235900000000001E-006
  5.327700000000000E-006
  5.408500000000000E-006
  3.388900000000000E-006
  2.799600000000000E-006
  4.912600000000000E-006
  1.253800000000000E-005
  1.333100000000000E-005
  9.007500000000000E-006
  7.367200000000000E-006
  1.053800000000000E-005
  1.399300000000000E-005
  1.247300000000000E-005
  7.093800000000000E-006
  2.343700000000000E-006
  8.745800000000000E-006
  1.703400000000000E-005
  1.646900000000000E-005
  9.788999999999999E-006
  7.272300000000000E-006
  9.007800000000000E-006
  2.117000000000000E-005
  2.152400000000000E-005
  1.292000000000000E-005
  2.687000000000000E-006
  2.327400000000000E-006
  3.062900000000000E-006
  4.652900000000000E-006
  1.096000000000000E-005
  1.626500000000000E-005
  1.509900000000000E-005
  9.275000000000000E-006
  7.722400000000001E-006
  1.667400000000000E-005
  2.466600000000000E-005
  2.570400000000000E-005
  9.841500000000001E-006
  2.785500000000000E-006
  3.698700000000000E-006
  5.820399999999999E-006
  7.194099999999999E-006
  9.951800000000000E-006
  1.202100000000000E-005
  7.771000000000001E-006
  5.728400000000000E-006
  1.426000000000000E-005
  2.246300000000000E-005
  2.642900000000000E-005
  2.042600000000000E-005
  7.721300000000000E-006
  2.086500000000000E-006
  3.270900000000000E-006
  5.596399999999999E-006
  6.665000000000000E-006
  5.673099999999999E-006
  3.746400000000000E-006
  3.464100000000000E-006
  1.042900000000000E-005
  1.961600000000000E-005
  2.283700000000000E-005
  2.313800000000000E-005
  1.254200000000000E-005
  3.533300000000000E-006
  2.184000000000000E-006
  4.164400000000000E-006
  4.846400000000000E-006
  2.692700000000000E-006
  3.335200000000000E-006
  1.110700000000000E-005
  1.618800000000000E-005
  1.772500000000000E-005
  1.310600000000000E-005
  3.757800000000000E-006
  2.157800000000000E-006
  2.430000000000000E-006
  2.664200000000000E-006
  6.649700000000000E-006
  8.059700000000000E-006
  5.894500000000000E-006
  2.896700000000000E-006
  3.726500000000000E-006
  8.012799999999999E-006
  9.147400000000000E-006
  6.590700000000000E-006
  3.248400000000000E-006
  7.948799999999999E-006
  1.395900000000000E-005
  1.323100000000000E-005
  9.625200000000001E-006
  7.958700000000001E-006
  5.377900000000000E-006
  3.469700000000000E-006
  2.816800000000000E-006
  1.271000000000000E-005
  1.732000000000000E-005
  1.263100000000000E-005
  1.092800000000000E-005
  1.251300000000000E-005
  1.542900000000000E-005
  9.970900000000000E-006
  4.724000000000000E-006
  3.548800000000000E-006
  1.089100000000000E-005
  1.945500000000000E-005
  2.070600000000000E-005
  1.492800000000000E-005
  1.192100000000000E-005
  1.567400000000000E-005
  2.106600000000000E-005
  2.054300000000000E-005
  7.970800000000000E-006
  2.714200000000000E-006
  2.458500000000000E-006
  6.547400000000000E-006
  1.295000000000000E-005
  1.687100000000000E-005
  2.057600000000000E-005
  1.902300000000000E-005
  1.406600000000000E-005
  1.605500000000000E-005
  2.405700000000000E-005
  2.712700000000000E-005
  2.086400000000000E-005
  9.063699999999999E-006
  2.837900000000000E-006
  4.364700000000000E-006
  1.054000000000000E-005
  1.269500000000000E-005
  1.624100000000000E-005
  1.663700000000000E-005
  1.381900000000000E-005
  1.321300000000000E-005
  2.262000000000000E-005
  2.608200000000000E-005
  2.616700000000000E-005
  1.886100000000000E-005
  7.552000000000001E-006
  2.318600000000000E-006
  4.642400000000000E-006
  8.178000000000000E-006
  1.177700000000000E-005
  1.066300000000000E-005
  8.475499999999999E-006
  6.922400000000000E-006
  1.434400000000000E-005
  1.981900000000000E-005
  2.190900000000000E-005
  2.133400000000000E-005
  1.132600000000000E-005
  4.356900000000000E-006
  2.826000000000000E-006
  5.909400000000001E-006
  7.273500000000000E-006
  6.557200000000001E-006
  2.370700000000000E-006
  3.187500000000000E-006
  8.154299999999999E-006
  1.014900000000000E-005
  1.006500000000000E-005
  8.347499999999999E-006
  2.933400000000000E-006
  2.444100000000000E-006
  2.883000000000000E-006
  2.149600000000000E-006
  1.920900000000000E-006
  2.250900000000000E-006
  2.105000000000000E-006
  7.216300000000000E-006
  1.008500000000000E-005
  1.033100000000000E-005
  5.639600000000000E-006
  2.016700000000000E-006
  4.341900000000000E-006
  1.342600000000000E-005
  1.724300000000000E-005
  1.681900000000000E-005
  1.246600000000000E-005
  7.122400000000000E-006
  3.108200000000000E-006
  8.285200000000000E-006
  1.772100000000000E-005
  2.046100000000000E-005
  1.769400000000000E-005
  1.664200000000000E-005
  1.594600000000000E-005
  1.019800000000000E-005
  3.953600000000000E-006
  3.342800000000000E-006
  7.849900000000001E-006
  1.698200000000000E-005
  2.274400000000000E-005
  2.319900000000000E-005
  2.234500000000000E-005
  2.117700000000000E-005
  2.354800000000000E-005
  2.073400000000000E-005
  8.364100000000000E-006
  2.441300000000000E-006
  6.856499999999999E-006
  1.132200000000000E-005
  1.794200000000000E-005
  2.031100000000000E-005
  2.300600000000000E-005
  2.270400000000000E-005
  2.401900000000000E-005
  2.592100000000000E-005
  2.554200000000000E-005
  1.980700000000000E-005
  9.169800000000000E-006
  2.490500000000000E-006
  4.323500000000000E-006
  8.223700000000001E-006
  1.383600000000000E-005
  1.521400000000000E-005
  1.764800000000000E-005
  1.644600000000000E-005
  1.902900000000000E-005
  2.173400000000000E-005
  2.279300000000000E-005
  2.199900000000000E-005
  1.558700000000000E-005
  7.849099999999999E-006
  2.457800000000000E-006
  4.464200000000000E-006
  7.938400000000000E-006
  9.529000000000000E-006
  1.249800000000000E-005
  9.797900000000000E-006
  7.532100000000000E-006
  9.720200000000001E-006
  1.184600000000000E-005
  1.279600000000000E-005
  1.202600000000000E-005
  9.224800000000000E-006
  4.057100000000000E-006
  1.935900000000000E-006
  3.232300000000000E-006
  4.483100000000000E-006
  6.398500000000000E-006
  6.275399999999999E-006
  3.933800000000000E-006
  2.220000000000000E-006
  2.729000000000000E-006
  1.953500000000000E-006
  1.964000000000000E-006
  2.149200000000000E-006
  2.152900000000000E-006
  2.527800000000000E-006
  6.061100000000000E-006
  8.199300000000000E-006
  6.833400000000001E-006
  1.948100000000000E-006
  5.974500000000000E-006
  1.445700000000000E-005
  1.692700000000000E-005
  1.546000000000000E-005
  7.821800000000000E-006
  2.508000000000000E-006
  1.101200000000000E-005
  2.004700000000000E-005
  2.258800000000000E-005
  2.062200000000000E-005
  1.604600000000000E-005
  8.712999999999999E-006
  3.320100000000000E-006
  2.060400000000000E-006
  3.950000000000000E-006
  9.708899999999999E-006
  1.996500000000000E-005
  2.299700000000000E-005
  2.383300000000000E-005
  2.394500000000000E-005
  2.090300000000000E-005
  1.679900000000000E-005
  6.913400000000001E-006
  4.367400000000000E-006
  1.050800000000000E-005
  1.268100000000000E-005
  1.825900000000000E-005
  2.014900000000000E-005
  2.241200000000000E-005
  2.129100000000000E-005
  2.034000000000000E-005
  1.871400000000000E-005
  1.331200000000000E-005
  7.111600000000000E-006
  2.236700000000000E-006
  2.638800000000000E-006
  7.447200000000000E-006
  1.017600000000000E-005
  1.454500000000000E-005
  1.427100000000000E-005
  1.514600000000000E-005
  1.365300000000000E-005
  1.273800000000000E-005
  1.023400000000000E-005
  8.291400000000000E-006
  1.028700000000000E-005
  4.888400000000000E-006
  2.573700000000000E-006
  5.494800000000000E-006
  5.396500000000000E-006
  8.911600000000000E-006
  9.769899999999999E-006
  1.054500000000000E-005
  5.784600000000000E-006
  3.752600000000000E-006
  3.381400000000000E-006
  2.686800000000000E-006
  2.889300000000000E-006
  2.381800000000000E-006
  4.607600000000000E-006
  4.805700000000000E-006
  6.269700000000000E-006
  4.097300000000001E-006
  2.136800000000000E-006
  1.995800000000000E-006
  2.247700000000000E-006
  1.914000000000000E-006
  3.160800000000000E-006
  4.226000000000000E-006
  6.011500000000000E-006
  1.306600000000000E-005
  1.322600000000000E-005
  5.697000000000001E-006
  2.176600000000000E-006
  1.272900000000000E-005
  1.847700000000000E-005
  1.879400000000000E-005
  1.059300000000000E-005
  5.838300000000000E-006
  4.485700000000000E-006
  9.588000000000000E-006
  1.654800000000000E-005
  1.798600000000000E-005
  1.689100000000000E-005
  1.059700000000000E-005
  4.953900000000000E-006
  2.606000000000000E-006
  3.540700000000000E-006
  5.935200000000000E-006
  1.030500000000000E-005
  1.229100000000000E-005
  1.522800000000000E-005
  1.335300000000000E-005
  1.093100000000000E-005
  7.297999999999999E-006
  4.104900000000000E-006
  3.604800000000000E-006
  4.161400000000000E-006
  4.011000000000000E-006
  8.968500000000001E-006
  9.746200000000000E-006
  1.129600000000000E-005
  8.278799999999999E-006
  5.545399999999999E-006
  2.266200000000000E-006
  4.280100000000000E-006
  6.925100000000000E-006
  5.519200000000000E-006
  8.770099999999999E-006
  6.698400000000000E-006
  2.922500000000000E-006
  2.095600000000000E-006
  4.330200000000000E-006
  2.422500000000000E-006
  5.555600000000000E-006
  4.577400000000000E-006
  3.567500000000000E-006
  2.225600000000000E-006
  3.079700000000000E-006
  2.100400000000000E-006
  2.579200000000000E-006
  2.168100000000000E-006
  3.699200000000000E-006
  6.607300000000000E-006
  2.018000000000000E-006
  7.306300000000000E-006
  8.845700000000001E-006
  3.728300000000000E-006
  2.918500000000000E-006
  4.332400000000000E-006
  5.709800000000000E-006
  4.623000000000000E-006
  3.783400000000000E-006
  4.847000000000000E-006
  7.500100000000000E-006
  7.652600000000000E-006
  4.526700000000000E-006
  2.347400000000000E-006
  3.600600000000000E-006
  3.578700000000000E-006
  5.988500000000000E-006
  4.396000000000000E-006
  3.444300000000000E-006
  1.913200000000000E-006
  4.311900000000000E-006
  2.118100000000000E-006
  4.674500000000000E-006
  3.738400000000000E-006
  2.796800000000000E-006
  3.060900000000000E-006
  3.905199999999999E-006
  2.571300000000000E-006
  3.546300000000000E-006
  2.430200000000000E-006
  2.832400000000000E-006
  1.951700000000000E-006
  2.595000000000000E-006
  2.821200000000000E-006
  3.034300000000000E-006
  2.251300000000000E-006
  1.956000000000000E-006
  2.235200000000000E-006
  2.110900000000000E-006
  2.162900000000000E-006
  2.246800000000000E-006
  2.838500000000000E-006
  1.964400000000000E-006
  2.865900000000000E-006
  2.485000000000000E-006
  1.980600000000000E-006
  1.923800000000000E-006
  2.115300000000000E-006
  1.944600000000000E-006
  2.050800000000000E-006
